1235 -1135327013 -232005985 -340504689
-1182183872 -1445252593 731821095 -2062093718
1251953424 -377768258 231030171 268845362
-1950778682 1849447265 -1911864082 -2067235541
1714639421 1491439037 462325566 5081481
737186849 236395034 -1697958312 1186503577
323074832 -1552261783 -1389224367 -12230182
279690169 -1455025894 -546138474 1960715752
1397597709 97709789 -233340333 1748187571
838075742 431451195 669402733 -494592472
-1831409121 -1797332326 1432010274 864206586
-73456946 -553422834 1605184079 2065133301
323705460 1498334197 -1365449866 30068983
697933991 2032582936 1565495315 -319063727
-60702830 1259089262 841438213 1033753396
2075600832 1439692898 -1246823859 2116421738
2121241975 2000428495 -280166264 1182308890
-221626389 -1521066291 1601777393 226358519
-1584737093 -458494394 -633672061 677550283
-2076710045 1923991186 -1344732339 -292776582
2076424717 -1189293299 -1900327875 896257070
-1056035718 62082322 494537328 2043416199
787575094 -1689153369 2115591795 11224405
-1392519195 -2033463936 -1242519896 -674710671
-962595238 1080087166 -1940782211 -323790722
-2071474507 -768246376 1653571981 1237715107
-1439819182 1215640057 1271033666 1075167450
-1765324333 1406662882 983280893 -437672640
-2022437153 818487970 760306780 -1039487809
1305133728 1905128186 1290154109 707231075
-178031737 -508938355 -1933252224 624210629
-522652363 1296868555 1022565936 979540335
-754192309 -1723575063 2144617529 -2067209573
-1565243423 1724766228 2087484879 2126700749
-2101093116 -71800345 363383678 -1729054911
1876961531 -1338772177 49270863 -2059372870
-251703512 71647112 -620111558 -1397672688
47092398 314637627 2118482909 867605091
475980967 -1369533060 -1480365744 1018392565
1701333317 -2110370703 159036669 389008752
-1730347568 465798779 679010857 601369552
-966026828 1169659096 1577376579 -2012294223
-351710905 -1610189699 1516039621 -1841057025
-1872100483 1647007944 656185595 -821842250
-941241575 1561332723 -1185466068 -985322023
315277750 -6106237 -957550026 1150086304
-626883267 136233007 -1102841275 1035124158
1463913138 -822442916 1816531257 1331938263
1493420590 -2131039156 -1986594424 518082101
1093744813 745760929 351105355 274454110
512090590 -2050757793 1254859131 1578565613
-42187544 -1990855548 1718562732 874276112
1153003552 1460790998 -226876763 21267025
-436485175 178346375 -247295463 -970354919
1303404570 247553664 -480458406 1758138872
-1903470311 -1553556604 694162108 -1877868277
1290222189 1047648637 1052357683 -1843895294
1831040228 -691098562 -882796041 -1634643413
-546546667 -274588777 2093160014 -1877928682
-24050224 941242412 1134278218 -1593176186
132236292 -99321211 -2125460016 -726083891
-1618805190 -1673378547 1417889505 148428631
539723083 1150139024 716780847 1087447942
1798784063 -435872909 2076361774 1075678858
-1497456425 253391370 1924946164 -627231060
-1257030897 -729071066 -866523489 -635078509
708682200 852849473 -609533265 -1275897113
1391094373 1109884545 -1312331378 -839085749
-950216072 904595096 1516827402 516278122
665151462 136713427 770712405 1979281056
-100413539 49182831 -443421723 622471385
1293762489 1907072181 -394450910 -1195278556
-210992866 -558729582 -942448297 247946055
-143588569 1614840409 798787038 -579428419
1635497246 -1315631772 969138280 -1606995405
-889583743 -281573001 -878424078 573736004
-728591356 1329407732 1772911835 1641278773
1861839544 965942578 1443383280 56319052
-846981324 -1677027092 -762858208 1735340810
1518143379 1767841751 -1586817364 86315493
-143221351 1666816259 743010572 -305330433
193240752 453954741 -1923702353 -2022809720
1416793274 1537120784 1753015039 1806794113
-407894836 279817720 -395879386 572139752
1921928408 -13405202 1607570131 -1862315987
-605238561 -654326239 1088380608 622636156
67267140 2007913005 1358166198 -2124672882
-771656552 909571460 867074674 1892055641
774856216 1152579801 -810563942 -70239040
-1224649389 1801847642 1921517389 1051102819
-2103563913 -1429669486 -2117564614 -687713661
1402015212 -165063442 -1958979601 -1655208208
-1285701398 378619129 -1811384145 950481588
654661240 1034507981 -824314537 -1960329317
-177833515 1165727975 -991925704 -1862238782
-390242756 1373562712 1982785691 254947393
-1738091483 1764463588 2006575067 -608033659
550379618 2069183023 1141150636 1318115784
1144094421 1278377773 539933158 -785027255
1705608126 26948328 -187613418 652419544
-241110072 -981150808 -262469879 -202104187
1601525362 1437837300 -394894785 283828035
-1124470265 189016722 -1364529356 -1242675223
1726751827 -1864878089 -1091358137 -138624040
-2126087673 708694682 2051965540 1904509052
-244017163 -1744004173 -1440602245 -2031594140
-316192538 818237698 -448722572 -1225102178
-47163592 157155060 -399365134 1424380100
293227625 -1157408738 -885210946 -1287114428
1053026386 -1931703281 -363776041 -541623205
-78174096 1831698968 -2008893801 1343932292
2147083829 1966450753 -1896504578 -1610208469
-374933011 -937231705 -1200969610 1634110343
-1496726622 -1599418395 -268982551 2104366617
552177984 -207515639 -1122422852 -1951496767
1841636027 963788591 1546393177 -1312691577
1839576393 1163661113 -1409352982 204941147
-850445381 -1455421075 559489441 -1299157156
1915174894 -1640226268 -1828073256 -241561123
-362095502 1597535090 1932728637 -867298677
1148197256 2091083246 999104557 -501167964
-1293841721 765603486 -1170148292 336039005
61024153 1623097926 -1563269395 2057405750
-1434124385 -1399922722 2033127354 1360611766
-1083308509 2123830774 -1709319323 1006809238
967439138 -1323818913 -429814873 431152555
266271087 1014878660 -1623087026 -1576266761
1294270117 1650080945 14951278 -788931995
691913278 -905784713 -420930106 -951439940
653804895 917256064 1076193158 467278154
-1650813382 -1544995295 -197443367 -821345779
1814859666 2003784204 1815041583 -955408331
-57205410 -1881121598 1583831506 110976338
-129714834 -1439831274 -1804110598 1401020399
-90851074 -939760918 -136267513 -842521425
-599095816 1492594980 1456878263 245328365
-166747743 890796299 -21256583 -243926459
-966445630 1408860234 -853228867 384468253
1804471193 -463016671 91275924 1068104335
1125082007 -1300786597 -219324341 -500857193
1809796756 305840122 1505790420 327966780
-947513888 -690872380 106498745 2129477172
425126433 -713225666 679129419 508958674
1232390678 -1243935664 -415121256 356577894
-853394818 -1791427950 -142480110 -711482632
-1008164277 -1718054739 124239441 -788631236
1270245155 -1508514637 719123743 -265073018
2061904325 2105827489 -2125479570 -1930551829
626163773 500711266 -1813350916 915897737
-692987295 850894079 611215857 131647340
523467764 810646941 1470797387 885057421
-589245955 1527105939 489007864 -182243785
-1106833180 1058980639 -949513059 -759680327
-1863872570 -1247306055 -1708083923 -1367956238
363037976 -815440671 -203384428 1357867518
-2010690809 -406239130 -1058365625 -1230488509
